sub-pos=98.000000
volume=98.000000
audio-channels=auto-safe
